image_width: 640
image_height: 480
camera_name: narrow_stereo
camera_matrix:
  rows: 3
  cols: 3
  data: [605.20671889, 0.000000, 317.71079778, 0.000000, 605.37940593, 241.91699113, 0.000000, 0.000000, 1.000000]
distortion_model: plumb_bob
distortion_coefficients:
  rows: 1
  cols: 5
  data: [0.1424756, -0.25305828, 0.00082207, -0.00263489, 0.000000]
rectification_matrix:
  rows: 3
  cols: 3
  data: [1.000000, 0.000000, 0.000000, 0.000000, 1.000000, 0.000000, 0.000000, 0.000000, 1.000000]
projection_matrix:
  rows: 3
  cols: 4
  data: [500.56577855, 0.000000, 319.85812406, 0.000000, 0.000000, 500.56959997, 243.61532205, 0.000000, 0.000000, 0.000000, 1.000000, 0.000000]
