distortion: [ 0.14463301 -0.27945071  0.00217672 -0.00224256] +- [0.00828482 0.02526348 0.00101831 0.0012542 ]
     projection: [599.56577855 599.56959997 319.85812406 243.61532205] +- [2.698263   2.61558974 1.73644821 1.64571257]
     reprojection error: [-0.000001, -0.000002] +- [0.158140, 0.158100]

distortion: [ 0.14495544 -0.30003062 -0.00116538 -0.00215396] +- [0.00752843 0.02244167 0.00125714 0.00108815]
     projection: [605.96226299 606.13257609 319.89939246 239.36555948] +- [2.0269654  1.95132547 1.66077952 2.04726464]
     reprojection error: [0.000000, -0.000000] +- [0.204951, 0.211666]

distortion: [ 0.14503729 -0.29308309  0.0009459  -0.00162669] +- [0.00827788 0.03017497 0.00121302 0.00107275]
     projection: [608.52037246 608.90102397 320.99320899 245.47116799] +- [2.79013388 2.76068139 1.6512272  1.72356707]
     reprojection error: [-0.000001, -0.000002] +- [0.186713, 0.187453]

distortion: [ 0.1424756  -0.25305828  0.00082207 -0.00263489] +- [0.01108973 0.04476711 0.00149985 0.00128429]
     projection: [605.20671889 605.37940593 317.71079778 241.91699113] +- [3.11009913 2.94729909 1.8805682  2.22140986]
     reprojection error: [0.000000, -0.000000] +- [0.150517, 0.142110]  #

distortion: [ 0.14684849 -0.29261953  0.00204983 -0.00342338] +- [0.00794026 0.02565386 0.00121356 0.00118615]
     projection: [601.04860758 600.49286973 314.61172118 245.39100796] +- [3.00203958 2.90857118 1.71843836 1.91115252]
     reprojection error: [0.000001, -0.000001] +- [0.189061, 0.179433]

distortion: [ 0.15511378 -0.33712202 -0.00124014  0.00097883] +- [0.0081701  0.02486039 0.00119604 0.00110047]
     projection: [606.44358939 605.91344563 325.74344293 241.20722781] +- [2.19218716 2.11238517 1.81375097 1.83197678]
     reprojection error: [-0.000005, 0.000001] +- [0.202612, 0.180793]

distortion: [ 0.11814262 -0.15410481  0.00104791 -0.00181752] +- [0.014251   0.07127029 0.00213133 0.0015896 ]
     projection: [605.62486576 605.24567961 319.66657219 242.24290715] +- [3.4096189  3.17547146 2.42654408 2.98014958]
     reprojection error: [-0.000000, -0.000001] +- [0.152405, 0.148399]

camera matrix
616.841925 0.000000 320.505924
0.000000 616.174386 244.219325
0.000000 0.000000 1.000000

camera matrix
618.521755 0.000000 324.169307
0.000000 619.128618 244.111319
0.000000 0.000000 1.000000
