distortion: [ 0.15569437 -0.32359578  0.00222427 -0.00290405] +- [0.00949171 0.03040269 0.00123393 0.00139612]
projection: [594.58966855 594.51443966 315.98461562 244.49778133] +- [2.66467817 2.57070187 2.1110201  1.91909196]
reprojection error: [0.000000, 0.000001] +- [0.163869, 0.158681]

distortion: [ 0.15575385 -0.34240021  0.0019792  -0.00100014] +- [0.00806538 0.02525202 0.00113165 0.00115528]
projection: [598.2930171  598.79432906 321.21553889 245.93423913] +- [2.88706646 2.72761706 1.73731083 1.88491823]
reprojection error: [0.000000, 0.000000] +- [0.194746, 0.186785]

distortion: [ 0.14581573 -0.31343309 -0.00161962  0.00000291] +- [0.0070713  0.02218822 0.0010297  0.00110745]
projection: [598.45472784 598.60442854 320.44431571 240.03297898] +- [1.78688143 1.69668532 1.73264667 1.68264332]
reprojection error: [0.000000, 0.000000] +- [0.199203, 0.189224]

distortion: [ 0.14701838 -0.31396901  0.00211571  0.00011676] +- [0.00877906 0.02807813 0.00128184 0.00132311]
projection: [601.27599294 601.43911872 322.8721845  247.96177117] +- [2.48692626 2.43228037 1.93390646 1.8318103 ]
reprojection error: [0.000015, 0.000003] +- [0.164103, 0.162432]

distortion: [ 0.14701838 -0.31396901  0.00211571  0.00011676] +- [0.00877906 0.02807813 0.00128184 0.00132311]
projection: [601.27599294 601.43911872 322.8721845  247.96177117] +- [2.48692626 2.43228037 1.93390646 1.8318103 ]
reprojection error: [0.000015, 0.000003] +- [0.164103, 0.162432]
