image_width: 640
image_height: 480
camera_name: narrow_stereo
camera_matrix:
  rows: 3
  cols: 3
  data: [598.2930171, 0.000000, 321.21553889, 0.000000, 598.79432906, 245.93423913, 0.000000, 0.000000, 1.000000]
distortion_model: plumb_bob
distortion_coefficients:
  rows: 1
  cols: 5
  data: [0.15575385, -0.34240021, 0.0019792, -0.00100014, 0.000000]
rectification_matrix:
  rows: 3
  cols: 3
  data: [1.000000, 0.000000, 0.000000, 0.000000, 1.000000, 0.000000, 0.000000, 0.000000, 1.000000]
projection_matrix:
  rows: 3
  cols: 4
  data: [500.56577855, 0.000000, 319.85812406, 0.000000, 0.000000, 500.56959997, 243.61532205, 0.000000, 0.000000, 0.000000, 1.000000, 0.000000]
